3.627649850941463683e+01
3.550829943284563228e+01
3.488361578481848113e+01
3.438402750885735060e+01
3.405901097849488224e+01
3.365405508343293661e+01
3.345664592242687974e+01
3.326008890968071086e+01
3.332568072968201278e+01
3.326056430189427715e+01
3.312156491629028210e+01
3.280758347133679820e+01
3.268987691575880916e+01
3.259883366672220006e+01
3.274854635851202289e+01
3.266772292428122881e+01
3.246556489218694708e+01
3.227708291046739220e+01
3.218729483595617324e+01
3.221024502388772248e+01
3.226934106442092087e+01
3.223829170450849801e+01
3.197039387592019111e+01
3.192924616364792101e+01
3.186358379900870830e+01
3.204487921814222773e+01
3.199113765113488128e+01
3.195421955263861946e+01
3.166753182935968880e+01
3.160337135445789158e+01
3.157315437944957992e+01
3.157947703229735126e+01
3.147552191242597175e+01
3.143626839550060836e+01
3.133143965843115097e+01
3.128588613723412948e+01
3.125797488146844927e+01
3.124714509634099002e+01
3.124047355389490122e+01
3.117305360719894836e+01
3.114077984168958935e+01
3.106018427864669107e+01
3.108086020148169126e+01
3.133579587926865884e+01
3.126064729223292105e+01
3.126022742490641093e+01
3.092619938022658843e+01
3.084471085930385925e+01
3.080649801930574938e+01
3.106062043453513866e+01
3.100495702918669139e+01
3.095471100771035111e+01
3.071987672344245013e+01
3.060542601386982042e+01
3.055493431645713898e+01
3.082024996933957084e+01
3.070761017195592046e+01
3.069863088512715876e+01
3.040095619493400037e+01
3.036144683247463050e+01
3.031845889825904905e+01
3.055810022977188112e+01
3.050467814474021111e+01
3.047638558824752053e+01
3.013900078815500905e+01
3.007797536155619866e+01
3.004046327413137973e+01
3.022727837954921171e+01
3.019987917671122091e+01
3.021615806579972130e+01
2.995909737602955047e+01
2.988578439347455884e+01
2.992007461958226955e+01
2.980474803498928082e+01
2.978156973779259076e+01
2.971578246423556990e+01
2.963666687474099959e+01
2.959578536276504934e+01
2.955892238215173862e+01
2.958812442931706954e+01
2.957313748166528100e+01
2.959452438346522030e+01
2.939243088851975827e+01
2.936163946614287923e+01
2.939707065159308996e+01
2.951934559629988897e+01
2.951456896673330021e+01
2.952368952685628045e+01
2.918570013445962985e+01
2.914278481985768110e+01
2.914270267567360051e+01
2.941297980159209047e+01
2.951520588578285853e+01
2.932738570971426029e+01
2.911450756926857153e+01
2.907472505562126130e+01
2.903977887562178850e+01
2.938839966272481874e+01
2.928475522977321077e+01
2.921793091505261941e+01
2.901554180450823139e+01
2.899601845460168903e+01
2.891826524951722988e+01
2.902633118563545978e+01
2.904869841198901170e+01
2.899350245156266936e+01
2.868439745372220173e+01
2.861641887577313881e+01
2.853944099574027149e+01
2.891622680096601883e+01
2.877837604545166883e+01
2.875939730705853137e+01
2.860893669515316162e+01
2.842169947649599138e+01
2.833683582841958071e+01
2.829700638200379004e+01
2.828391928477051920e+01
2.823220141816456064e+01
2.829959349837535854e+01
2.811954195581306948e+01
2.818831241219116990e+01
2.802385184532840867e+01
2.801476982387081094e+01
2.803848517717150912e+01
2.793562439327622116e+01
2.794926431046971871e+01
2.794677990825141833e+01
2.812963292974006890e+01
2.820452883775621089e+01
2.819522882291408905e+01
2.822224759811992101e+01
2.789438062009006103e+01
2.785048423381003957e+01
2.777057135476517047e+01
2.815231470375272949e+01
2.808959203300099006e+01
2.805009767235312879e+01
2.778466178480271864e+01
2.767057809919695899e+01
2.764154503215490877e+01
2.797225804161880092e+01
2.804920439648904917e+01
2.785635354363254024e+01
2.763243216200719132e+01
2.742306252968975855e+01
2.744066646154448108e+01
2.760449850284829054e+01
2.767110951900485105e+01
2.754287047994360904e+01
2.713516539826413876e+01
2.709878786272556894e+01
2.702657182190367990e+01
2.726911637830989932e+01
2.752997684079830876e+01
2.733276067108241136e+01
2.695369891297148968e+01
2.726613578542957939e+01
2.689124129143986863e+01
2.685744481208677925e+01
2.738782729213123091e+01
2.738479855686141917e+01
2.693488756284329000e+01
2.675692135474012900e+01
2.672319119976760859e+01
2.665502949189036030e+01
2.668364039588760050e+01
2.663756436121661864e+01
2.657121316772970943e+01
2.643271984581290113e+01
2.625967547635737986e+01
2.608447539654542879e+01
2.632024865250227919e+01
2.632852004081642860e+01
2.622535300642775979e+01
2.582686737536196020e+01
2.574944544623184939e+01
2.565620729160222879e+01
2.585603476698429048e+01
2.583796669468393858e+01
2.577716836976114934e+01
2.543643554910867977e+01
2.530941016915556929e+01
2.517930620987280932e+01
2.511671122849356053e+01
2.538899533084655147e+01
2.520886915431801967e+01
2.518296738557685899e+01
2.471486435394371028e+01
2.456511272951631852e+01
2.439872800833552091e+01
2.466453463728969098e+01
2.459218619443597120e+01
2.439159277002167059e+01
2.396306405127635131e+01
2.380932810923848919e+01
2.362583824726995019e+01
2.330800160057700054e+01
2.294588243081793166e+01
2.253367100904592135e+01
2.169172994317628067e+01
2.109760483904562989e+01
2.052327395298215862e+01
2.003493546937434999e+01
1.968663391252642114e+01
1.935742171387775912e+01
1.891711335048335130e+01
1.856122039230049126e+01
1.822558691142948106e+01
1.790000167679680132e+01
1.760985011008155965e+01
1.737013461491099164e+01
1.712932206961779968e+01
1.682030570263460945e+01
1.656618941946366874e+01
1.632555421598560841e+01
1.613715643941878142e+01
1.618821669205942015e+01
1.615259863827683873e+01
1.593682623069889992e+01
1.545012341984728010e+01
1.523322724081038970e+01
1.501319377243762077e+01
1.480613382219227958e+01
1.490162790028382922e+01
1.475071971855333963e+01
1.461464831594255998e+01
1.430987769451096980e+01
1.400858378126823922e+01
1.383352899021869042e+01
1.365589235178375027e+01
1.375781653897857915e+01
1.364349158834287046e+01
1.347369104247325922e+01
1.329729724611364006e+01
1.290380110704803940e+01
1.274586949422920057e+01
1.260100033221013049e+01
1.252997938063048977e+01
1.252557402607772019e+01
1.244155797473315950e+01
1.226471491907287081e+01
1.191056540335677028e+01
1.178797730224948026e+01
1.164827771279781032e+01
1.152142908150142020e+01
1.160901892944504077e+01
1.152184718212424031e+01
1.144737197819349994e+01
1.130270814366783938e+01
1.091858635390683929e+01
1.067373208064229040e+01
1.044677783060073040e+01
1.023937437096953929e+01
1.003651552201377051e+01
9.976598261161827352e+00
9.802147884025156799e+00
9.615831868097515667e+00
9.384034823294333805e+00
9.206987673194463540e+00
9.050319065337284030e+00
8.881945510706575675e+00
8.711952528386003536e+00
8.566232084306934169e+00
8.455296099994226822e+00
8.319265180312276797e+00
8.119866872337770047e+00
7.915623033944021891e+00
7.741581440574650586e+00
7.560249045956505931e+00
7.377595245605889751e+00
7.282401848998173222e+00
7.176978121959680657e+00
7.062962617378661712e+00
6.862189511004121556e+00
6.669281936765461438e+00
6.362518159171645316e+00
6.171057413628053823e+00
5.973621125985035363e+00
5.727673447402961138e+00
5.444773123168943130e+00
5.272874802821264417e+00
4.991844574747707597e+00
4.659066083397338076e+00
4.333238935614686760e+00
3.876157905380248181e+00
3.470549390727998063e+00
3.015854885369618987e+00
2.555262046793195907e+00
2.138139820950826220e+00
1.768486182681189955e+00
1.496497436195374009e+00
1.174396662928262947e+00
9.001016641756696135e-01
6.475060931125221630e-01
4.797092049708895911e-01
3.650434291356403071e-01
2.922104584227663837e-01
2.460738556832207935e-01
2.134571080385843089e-01
1.937310578727723109e-01
1.719720986679922903e-01
1.547169927050273119e-01
1.401216009322273082e-01
1.258266858232285901e-01
1.128927847633361958e-01
1.021833240665860065e-01
9.192916448296438447e-02
8.148511466174658546e-02
7.640810898039070154e-02
6.904382254409784092e-02
6.695423139444985072e-02
7.346770970323354688e-02
6.737237280570133879e-02
6.458244799041744366e-02
6.490194719738426321e-02
6.069301769680449099e-02
6.047242551464499655e-02
7.521281398603651969e-02
6.621414163377548068e-02
6.012992979473535254e-02
5.272954524654813180e-02
4.765501776207817231e-02
4.124022168053524673e-02
3.592050449032253151e-02
3.169587632242836656e-02
2.774131883451673095e-02
2.416657931094699091e-02
2.721403327936375849e+00

