3.974161147570033137e+01
3.917379528775749264e+01
3.865528398745055227e+01
3.822607119928745334e+01
3.787145258509396939e+01
3.759251943511919336e+01
3.736190744241255146e+01
3.719986944368488224e+01
3.719052658022572189e+01
3.707739414261921240e+01
3.688368448532995103e+01
3.671735759000699773e+01
3.659977968142106164e+01
3.666618926946768653e+01
3.661086411532755847e+01
3.654638100313994187e+01
3.633752617789077277e+01
3.622463509406159687e+01
3.623457869504252216e+01
3.627027108594266736e+01
3.624041479217237338e+01
3.610664239612241744e+01
3.598212522217686882e+01
3.591291793986007264e+01
3.603076096248749849e+01
3.600744699095785251e+01
3.598432011171899347e+01
3.581164612836288796e+01
3.572768598229512094e+01
3.565420403729879695e+01
3.562121540420280752e+01
3.557282326111216975e+01
3.551669434998360941e+01
3.546749665498011694e+01
3.541944111454348842e+01
3.537657984818613244e+01
3.542832363562730080e+01
3.538378559901047993e+01
3.531178535626855819e+01
3.527679661860265270e+01
3.531014691805015104e+01
3.540695990223567691e+01
3.540902410933688316e+01
3.536947217963027867e+01
3.518052236209487660e+01
3.511956559767155284e+01
3.519459421096637897e+01
3.519698437861587337e+01
3.519098063744821303e+01
3.502784351547757069e+01
3.493449904093171199e+01
3.487565619967782737e+01
3.497722614871555891e+01
3.497313712961324228e+01
3.493844026114869195e+01
3.475487026565163262e+01
3.468350244969516893e+01
3.464527977709757067e+01
3.478701046485264214e+01
3.477623211796348102e+01
3.468769630928208869e+01
3.455703355593706760e+01
3.449965100375784743e+01
3.461965247390077849e+01
3.461020717609237352e+01
3.459666584924951849e+01
3.446576643826252706e+01
3.440389280124455240e+01
3.434646584011544235e+01
3.433038242374679072e+01
3.432636249293131669e+01
3.429674231457305922e+01
3.421106798052640841e+01
3.417711826702625189e+01
3.412275806865945071e+01
3.418007835286839224e+01
3.416113332845561956e+01
3.407373174287071294e+01
3.400636797501078235e+01
3.394027347255961757e+01
3.406709020755513961e+01
3.406583640677848734e+01
3.404285133337190672e+01
3.389384437974079134e+01
3.382987789982095705e+01
3.378654387713879714e+01
3.392258803536857670e+01
3.396245921530358203e+01
3.391859494902377747e+01
3.375750338047713228e+01
3.367991171548545282e+01
3.363488906553440216e+01
3.378832518254348116e+01
3.376784750071588803e+01
3.369954343127648144e+01
3.350200090813282117e+01
3.345793602049423754e+01
3.351377231368640253e+01
3.353520077916846276e+01
3.353273450194679839e+01
3.337626852663375132e+01
3.326068438951325135e+01
3.317337738613934306e+01
3.332144316080903934e+01
3.331122960020360324e+01
3.330518857686784884e+01
3.311000216239469296e+01
3.304688199755901223e+01
3.297824684869254241e+01
3.293396534984675839e+01
3.289887166008124808e+01
3.285306663145316719e+01
3.280703489804672301e+01
3.273345390436720237e+01
3.268134031435864273e+01
3.268864857048499317e+01
3.272045570399775016e+01
3.264845703184249714e+01
3.258965405536734750e+01
3.252301222122998325e+01
3.266622305864972731e+01
3.269885320423210118e+01
3.273228762912962253e+01
3.264357244945019687e+01
3.246152156532843236e+01
3.239148548569657038e+01
3.251916818451390867e+01
3.258236725051244775e+01
3.256737791125276260e+01
3.241632320493734909e+01
3.228180671665067791e+01
3.219617465577019289e+01
3.235413339511533337e+01
3.240360867626529995e+01
3.241264389506274313e+01
3.219930724281525158e+01
3.211455146320515297e+01
3.204681382703608961e+01
3.222602530145434230e+01
3.235701667967651218e+01
3.228244605962247249e+01
3.204891480624601741e+01
3.196107792311267914e+01
3.191122019114986941e+01
3.210658777509142681e+01
3.216890170155119932e+01
3.215735056859335117e+01
3.192556321624248028e+01
3.187201561491226087e+01
3.182755784445618019e+01
3.187824740149559943e+01
3.199590826131526100e+01
3.184475411881595974e+01
3.171867424457123974e+01
3.164521135464648083e+01
3.155057591175544829e+01
3.160953395734276938e+01
3.158791789119383964e+01
3.147968897097181085e+01
3.137955017180293993e+01
3.131314992952816922e+01
3.148355011154087890e+01
3.148882041850662006e+01
3.154634128626974032e+01
3.146110194883726052e+01
3.127480509732308889e+01
3.120275261104668019e+01
3.124755014635385919e+01
3.135091879109063839e+01
3.133202252981057967e+01
3.126067781554073122e+01
3.107767423228283121e+01
3.105681130546019020e+01
3.109778470749490964e+01
3.123527348892550037e+01
3.122957802223032076e+01
3.108513531904430138e+01
3.092484300944474995e+01
3.083761128236264071e+01
3.092513689685691958e+01
3.104529680696779081e+01
3.103222651897220885e+01
3.090312462084494882e+01
3.075194792514584918e+01
3.067939873975117848e+01
3.078744639410994921e+01
3.081818019296731137e+01
3.082216469935186964e+01
3.068209347805871090e+01
3.054901102879883013e+01
3.046555295437708111e+01
3.040185690494963922e+01
3.042561380847888941e+01
3.042380454844370874e+01
3.029779581838101876e+01
3.021637088984171982e+01
3.013971279114868906e+01
3.008154582917568121e+01
3.012989286890373108e+01
3.011056733193419888e+01
3.003775411227329073e+01
2.997516241187416952e+01
2.992896341621018053e+01
3.012663088561708946e+01
3.023400102494137087e+01
3.023469121863682929e+01
3.014482058622187921e+01
2.995818671413039880e+01
2.989193525420978048e+01
2.994962510138748968e+01
3.003257306612358946e+01
3.003789146718554903e+01
2.996034080197059879e+01
2.980734736523308825e+01
2.974995115850024874e+01
2.973704117152275828e+01
2.987723496757811859e+01
2.991548815122945015e+01
2.991700871210903045e+01
2.975088581324218140e+01
2.966541217454150114e+01
2.961697043647300021e+01
2.977625197286522152e+01
2.979162250639934939e+01
2.978940590777802910e+01
2.952460984043455028e+01
2.945142265469024068e+01
2.939834933713957099e+01
2.959365575928072900e+01
2.962328648103414963e+01
2.962019732834625074e+01
2.939546863232123997e+01
2.932215099704738037e+01
2.923073073277706158e+01
2.925737707090550899e+01
2.933560550843811043e+01
2.929935184795380110e+01
2.918292714130911847e+01
2.908756630083044925e+01
2.905262993826250906e+01
2.900447959945088883e+01
2.908748936149254050e+01
2.906472491992697016e+01
2.894039527478877005e+01
2.886118924213115022e+01
2.877746403680718146e+01
2.898977822144657068e+01
2.906101427411013916e+01
2.902114990005912887e+01
2.885222359995735886e+01
2.877693187660851137e+01
2.871040956263138000e+01
2.885676257763588026e+01
2.886474838133360876e+01
2.886362911614947890e+01
2.874919586239495928e+01
2.863836261795976057e+01
2.859157817290329007e+01
2.865090284752065841e+01
2.875110888687046895e+01
2.874351927642607052e+01
2.861199705153700990e+01
2.843874623245320166e+01
2.837626745659509098e+01
2.830626654675591070e+01
2.853581372267320049e+01
2.846134346277871074e+01
2.848983336635377128e+01
2.833209348477891965e+01
2.825102432767828020e+01
2.814348028149199976e+01
2.837187815130531021e+01
2.831773908609813972e+01
2.828524736480752111e+01
2.815657896024023898e+01
2.807669848409355851e+01
2.803549022502598120e+01
2.801913365517722099e+01
2.809267085000191955e+01
2.807104538242086988e+01
2.792505801780403019e+01
2.785670066297655012e+01
2.779382637964885916e+01
2.772095496722964114e+01
2.781681951745905934e+01
2.783992406557041832e+01
2.770254866555023909e+01
2.758393953915956942e+01
2.750160242995874071e+01
2.774292982935125096e+01
2.783341210691324008e+01
2.782781823265078103e+01
2.774143065157485921e+01
2.757016970896913932e+01
2.752585348962659140e+01
2.755868196513624113e+01
2.759624945370783067e+01
2.754300208180406884e+01
2.767651628515196904e+01
2.740416809487151895e+01
2.733750966266719118e+01
2.725290676383967892e+01
2.747326880381559988e+01
2.747185336238565867e+01
2.733284547533801145e+01
2.716398836258230887e+01
2.713714789060126975e+01
2.705007137097214098e+01
2.724795775188487923e+01
2.720200199362901827e+01
2.722418086943314108e+01
2.708105637184229053e+01
2.699256187685650943e+01
2.693706288838874130e+01
2.705647519877880924e+01
2.712161560487452050e+01
2.712380775697749868e+01
1.691330118580244957e+01

