3.330542239157823303e+01
3.187099662419723956e+01
3.104269169929037986e+01
3.051888814619443835e+01
3.013455274377356119e+01
2.982443155615191088e+01
2.967684556408607932e+01
2.952264861071568092e+01
2.938385638734726868e+01
2.919925713578967930e+01
2.899182764239122889e+01
2.887071572715762002e+01
2.875638632631387992e+01
2.867900472146099133e+01
2.859095900428603088e+01
2.844360845681762129e+01
2.835831969564902977e+01
2.830629961193508137e+01
2.827411073688934096e+01
2.822317532488337122e+01
2.816673438090172965e+01
2.806782214036433132e+01
2.793225495618018073e+01
2.787634550619424090e+01
2.776398434954665007e+01
2.766575587174306960e+01
2.756050745527225132e+01
2.745347313729860161e+01
2.732848483036377019e+01
2.728069346052296851e+01
2.724862818611696014e+01
2.718967213893380830e+01
2.715691978710434995e+01
2.708315223969055907e+01
2.699592645421725123e+01
2.694370896501029833e+01
2.697274477760144151e+01
2.695193995168136070e+01
2.691918144975369032e+01
2.680631264306686035e+01
2.675521665298844098e+01
2.671029521651118088e+01
2.672520657198337091e+01
2.671724699838048878e+01
2.673493089090646890e+01
2.667839821815492130e+01
2.659453727866743833e+01
2.652314275743605876e+01
2.650828388567608940e+01
2.651335280502996028e+01
2.650915723278847835e+01
2.650367892500254996e+01
2.638246709164767978e+01
2.635728247426605009e+01
2.634661374303268033e+01
2.635446660478462988e+01
2.633569457001324920e+01
2.629339869397145080e+01
2.621689947077345906e+01
2.622131872176703027e+01
2.624597998782553887e+01
2.623298181251781003e+01
2.623897340798740885e+01
2.624660362025406002e+01
2.613578107657578897e+01
2.595480583617192138e+01
2.595823850877254912e+01
2.594604357872006872e+01
2.591796023957737916e+01
2.593921837887360127e+01
2.589048143883981012e+01
2.584548846261044019e+01
2.580444319769711115e+01
2.578966814662000928e+01
2.577568460828527108e+01
2.575851658822293899e+01
2.567902331874848088e+01
2.563599459507877043e+01
2.559113222364294060e+01
2.557370939593760895e+01
2.554657865989099008e+01
2.557296676116096990e+01
2.548537763413656876e+01
2.549433921976089934e+01
2.550525177890521888e+01
2.544546090086573997e+01
2.541486121884625859e+01
2.543914289141295981e+01
2.531650601966898861e+01
2.502994430721496855e+01
2.476448827286399990e+01
2.451471674164331915e+01
2.428966001733821045e+01
2.380110846388286916e+01
2.330657807959537919e+01
2.258688450575811046e+01
2.176664852891287083e+01
2.093441189467916175e+01
2.021587329256905008e+01
1.961595892328557156e+01
1.920750583938216138e+01
1.888777840366957150e+01
1.866715237338258859e+01
1.850470870939128076e+01
1.837817304899555992e+01
1.824251966392391111e+01
1.811573574456150837e+01
1.799985398619121924e+01
1.787714063811831977e+01
1.776196504282636113e+01
1.767941950746917001e+01
1.757425145526929100e+01
1.749470630395297022e+01
1.737610681387329947e+01
1.729102652511469174e+01
1.721003357067829143e+01
1.711754045770221921e+01
1.705196457769350005e+01
1.697045148039498841e+01
1.691035487145656901e+01
1.682387338093947093e+01
1.673068555854457884e+01
1.668702898858941097e+01
1.661403770775985933e+01
1.655986766934966070e+01
1.649302264051183897e+01
1.641522055819194037e+01
1.632042172519555123e+01
1.623676484628083827e+01
1.621011012370216164e+01
1.615131571363451002e+01
1.612199184048504108e+01
1.604958662446635032e+01
1.593606458556918071e+01
1.588932294578724047e+01
1.585057428042050987e+01
1.580835394381884917e+01
1.577894293886778954e+01
1.577452021465470011e+01
1.568201796833083961e+01
1.560756644273629945e+01
1.554075557364910054e+01
1.553617307621087029e+01
1.547934937862777005e+01
1.545122377526175939e+01
1.541685624216800043e+01
1.534751653882173983e+01

