4.093103710061132716e+01
4.072011558218684968e+01
4.041332131304166353e+01
4.026312791730166651e+01
4.013809783392459707e+01
4.004414419636790257e+01
3.996530066229202305e+01
3.990073367333094723e+01
3.988455465507340136e+01
3.978985599937777096e+01
3.970312741098869225e+01
3.964265464564982722e+01
3.958832912344492883e+01
3.956593815285918225e+01
3.951405999056669316e+01
3.945281405757319249e+01
3.939124736842820340e+01
3.933529070613187173e+01
3.931620232286498862e+01
3.927735287568999212e+01
3.924368599712158101e+01
3.917160173763573283e+01
3.912574232296834964e+01
3.910565451305048867e+01
3.906726155258132138e+01
3.903209692733638292e+01
3.898991041911906308e+01
3.894149239525142292e+01
3.890393327572424198e+01
3.885555871007454698e+01
3.881108234317768790e+01
3.876055367200890345e+01
3.872086211212533868e+01
3.867563915606474012e+01
3.863611177103514649e+01
3.861572184354057669e+01
3.856914153069695317e+01
3.851876769184453053e+01
3.848107357783049309e+01
3.846818346078831752e+01
3.842796239409805281e+01
3.840136465673955968e+01
3.833836110874084824e+01
3.828755161265861773e+01
3.824842990847311341e+01
3.822314376662104252e+01
3.819296215386496129e+01
3.815766708246839301e+01
3.809430196804139257e+01
3.805015302929179910e+01
3.801658168878689281e+01
3.798900392513616708e+01
3.795494141088479978e+01
3.788632060843102778e+01
3.783950054937962193e+01
3.779578602692124889e+01
3.778817547362991291e+01
3.775228902714027157e+01
3.771344511889527240e+01
3.764843145827953208e+01
3.760390870568974009e+01
3.757921590262854750e+01
3.755364766588930792e+01
3.751641295328735026e+01
3.746462073107907997e+01
3.741683129641300098e+01
3.738112374914211955e+01
3.734434954638887660e+01
3.731052974882968698e+01
3.727365370939504885e+01
3.722866397659898041e+01
3.718164892949548062e+01
3.714713201010893329e+01
3.713267472941929981e+01
3.708738785719079800e+01
3.703367907932410930e+01
3.699079541057677289e+01
3.694307154088296841e+01
3.691787405529365884e+01
3.689593606053370678e+01
3.686418492783948153e+01
3.680175806496225732e+01
3.676291619903396679e+01
3.671446305692374779e+01
3.670858164350165964e+01
3.667810059072628093e+01
3.664382287418155215e+01
3.658050763053128662e+01
3.654294921758390302e+01
3.653394064685696208e+01
3.649821168969935314e+01
3.646642036012182331e+01
3.638793457970638201e+01
3.634016707375292299e+01
3.630086226622137247e+01
3.629163399537740275e+01
3.625321185959622738e+01
3.622059706605069351e+01
3.615509017737871744e+01
3.611277773165892313e+01
3.610446804042518210e+01
3.607331588144594292e+01
3.605166604402455732e+01
3.599233997463566226e+01
3.593600690851808821e+01
3.590847947828417830e+01
3.599566413938561027e+01
3.583069766399035672e+01
3.579688492151940693e+01
3.574448091351990087e+01
3.572235753662911861e+01
3.568096337715952160e+01
3.562714613423872834e+01
3.562129228818127302e+01
3.557385279219099772e+01
3.552301458447774252e+01
3.549782519532863034e+01
3.547091250293063780e+01
3.544101544022794315e+01
3.543608174978093928e+01
3.539097860741925672e+01
3.538346090575703329e+01
3.530449439468930706e+01
3.531620440121002957e+01
3.528910991120533680e+01
3.526419589534845045e+01
3.522028673696264178e+01
3.520186513264678752e+01
3.516184882480251872e+01
3.515487565474018083e+01
3.515360343816333710e+01
3.511587931913626903e+01
3.505412008154981862e+01
3.502283053379864697e+01
3.501182768033719128e+01
3.499961607580095801e+01
3.497858173829271777e+01
3.492389716902246732e+01
3.486962521690458772e+01
3.483610417043138341e+01
3.484138246348825163e+01
3.481914066841635957e+01
3.480359593472756785e+01
3.474637086138827158e+01
3.470525938896098239e+01
3.466959397572495050e+01
3.463859611943348682e+01
3.464175556268688894e+01
3.459520937990612310e+01
3.454843050548974048e+01
3.450750439911990242e+01
3.446301069712229292e+01
3.444622265470511024e+01
3.441967747430756219e+01
3.436820947268260085e+01
3.432006410740704894e+01
3.428190143497467091e+01
3.427997481277716219e+01
3.426475817055761297e+01
3.423676010971578876e+01
3.418574832649439799e+01
3.414538127046500193e+01
3.410510226272757706e+01
3.410839780056473103e+01
3.406957691065848337e+01
3.404879967058054291e+01
3.399435334975395762e+01
3.395396050402325727e+01
3.391397450814694281e+01
3.390728312871505779e+01
3.390762180405595672e+01
3.386039790705189745e+01
3.380468294406166763e+01
3.376567611444264116e+01
3.371487651439154831e+01
3.372408237571038825e+01
3.371612867420279969e+01
3.367500200886954076e+01
3.360840775725431939e+01
3.356794336572440329e+01
3.353828466997322266e+01
3.352942687581384718e+01
3.351772698053058974e+01
3.348310544834227898e+01
3.341713650213368680e+01
3.337798520740975761e+01
3.334940032088933748e+01
3.333183827928463216e+01
3.330574118162075337e+01
3.325098917702832324e+01
3.322263336445613646e+01
3.320191474577838875e+01
3.316902533005057307e+01
3.316236372749627037e+01
3.313723111589605708e+01
3.310172175759972646e+01
3.307274412650590989e+01
3.304122717793824648e+01
3.304647815570069014e+01
3.304745646319239682e+01
3.303350412574005190e+01
3.297037647835669816e+01
3.293350578012128693e+01
3.289968038250731297e+01
3.288837093154096891e+01
3.287069078026416236e+01
3.285151487348046828e+01
3.282216254859970661e+01
3.276644232009969926e+01
3.273435434649275777e+01
3.272866044600974078e+01
3.271164933515463957e+01
3.268226520050679795e+01
3.264183893738172060e+01
3.261325117794923756e+01
3.257330696078111743e+01
3.256727193464318049e+01
3.253943478398046096e+01
3.251226484838871755e+01
3.245367483882863269e+01
3.248042226031027013e+01
3.241801430656518335e+01
3.241000227343113949e+01
3.239985393417232729e+01
3.237259563849048050e+01
3.230451700248337232e+01
3.226798413074575933e+01
3.224442862633343765e+01
3.221176079152174765e+01
3.213909886289763307e+01
3.217545422242992714e+01
3.212533496768909913e+01
3.211001639674037733e+01
3.204914256830385710e+01
3.202812416498314008e+01
3.201949119837949809e+01
3.198247360799411965e+01
3.193805453850723097e+01
3.190730355253771933e+01
3.190208834836407092e+01
3.189207686429427113e+01
3.187423700150511863e+01
3.184931288611434042e+01
3.179606298317802882e+01
3.175931883746169859e+01
3.172040204229778837e+01
3.174321190200847909e+01
3.171588229202183129e+01
3.169727387155744935e+01
3.164107716627584921e+01
3.161341516795901896e+01
3.161509573036704168e+01
3.159733613324780066e+01
3.157525896786415842e+01
3.155533268598853880e+01
3.148803139032238008e+01
3.146757097936756864e+01
3.143301877522483068e+01
3.146148531899343936e+01
3.143410504622734081e+01
3.140144557897570010e+01
3.135950954139796920e+01
3.133636785268828007e+01
3.129602950513498882e+01
3.130612334940678920e+01
3.131370518617843857e+01
3.085330316681799090e+01
3.126440986036345038e+01
3.123091130031497897e+01
3.119961869741526073e+01
3.119121480164298177e+01
3.119748560438454987e+01
3.114344667787973009e+01
3.111939731730775094e+01
3.108399246317674880e+01
3.110405154035527175e+01
3.105356158996458049e+01
3.104637257223851066e+01
3.100496082123649089e+01
3.095339198283005899e+01
3.091929417358822008e+01
3.089702885916899078e+01
3.092643120205647023e+01
3.090753192865284049e+01
3.088908930217025883e+01
3.082646681001115141e+01
3.079840572580078017e+01
3.075882175501930860e+01
3.078301795614277836e+01
3.084013090941915891e+01
3.080728074759212021e+01
3.076784478403049050e+01
3.073695220643869064e+01
3.070716115908685140e+01
3.075339672472167862e+01
3.071015974094218137e+01
3.068718873789512003e+01
3.065078765546290995e+01
3.061000010787541825e+01
3.061396766162442162e+01
3.061793884279505917e+01
3.058285272156437173e+01
3.055237166510179847e+01
3.052940239170035852e+01
3.046675635504695023e+01
3.043876676504729062e+01
3.045148785134927039e+01
3.041743096559310899e+01
3.041544113726929055e+01
1.421223550428092963e+01

