3.379594589209153099e+01
3.258458088429387800e+01
3.187169725053831826e+01
3.144960477822489864e+01
3.116233153546777856e+01
3.091441493758014047e+01
3.073335496723433025e+01
3.053984098030514005e+01
3.036009826535754996e+01
3.025994221028049935e+01
3.023077814825944998e+01
3.013329025922861959e+01
3.008567729108045086e+01
2.997632554512109948e+01
2.990694791594863133e+01
2.989288661741381858e+01
2.990104923111764990e+01
2.974391260083980981e+01
2.971002608422849889e+01
2.969270119173135924e+01
2.960516563124846101e+01
2.957063580494391175e+01
2.956548419878173917e+01
2.949633075222017098e+01
2.944987903569199972e+01
2.942496734525684943e+01
2.943357622459496881e+01
2.945458956618459112e+01
2.948302475042765991e+01
2.943182344060300082e+01
2.933407413984890866e+01
2.926259917644458852e+01
2.921789857182902139e+01
2.924972140564383949e+01
2.925426146076879874e+01
2.920186526366212831e+01
2.912913186012017164e+01
2.908274623192424002e+01
2.909305065436596038e+01
2.918026459820049823e+01
2.914786863888931023e+01
2.914900888987263983e+01
2.908521277533938942e+01
2.907401061849849100e+01
2.909927052281316051e+01
2.912213086558658048e+01
2.912699477637863055e+01
2.902562846454706857e+01
2.890118009748584171e+01
2.890060040140663844e+01
2.887586727485107119e+01
2.891718614183723091e+01
2.893852120026058827e+01
2.889528026226297897e+01
2.881188971861098125e+01
2.881505556263094903e+01
2.881482014661451174e+01
2.886440525114907985e+01
2.882202084311505885e+01
2.879121394200344852e+01
2.873982977196888910e+01
2.870858701348493014e+01
2.864700016961459994e+01
2.877484175887385121e+01
2.875971727203290840e+01
2.873798754687080148e+01
2.866684302763326997e+01
2.864139574876615058e+01
2.864158730702466116e+01
2.868963075528377971e+01
2.869034551159451851e+01
2.864600568667727032e+01
2.859395193235907939e+01
2.851215189959802032e+01
2.849033506962415885e+01
2.849499474433391910e+01
2.847653282640289163e+01
2.843586937892316868e+01
2.841113152664611974e+01
2.838273002618072027e+01
2.835478053472852977e+01
2.833245477752346986e+01
2.831368834895744868e+01
2.827920937185454875e+01
2.824692963199444051e+01
2.820394462268703961e+01
2.817967800340699114e+01
2.815868126291698914e+01
2.809446560047912911e+01
2.805423320765768835e+01
2.797590095903867891e+01
2.793474413794497124e+01
2.791319984504020013e+01
2.783993616263109061e+01
2.780511580263820903e+01
2.770535835578960970e+01
2.763182859428237137e+01
2.756594944746014164e+01
2.751287486187192854e+01
2.743621024416476928e+01
2.738854094374978132e+01
2.733026824154324075e+01
2.722461967453850917e+01
2.715035145914546888e+01
2.711758740829844072e+01
2.709419106637151842e+01
2.698523765989174095e+01
2.690589032993235108e+01
2.681804641069624040e+01
2.673366573994488959e+01
2.665433490477416001e+01
2.670347276961219052e+01
2.661985698872330985e+01
2.658986795760597133e+01
2.649455377312932924e+01
2.644709240508736059e+01
2.639630257798092927e+01
2.634943788701036027e+01
2.638585363959037977e+01
2.628895173339337887e+01
2.622893599230448913e+01
2.611813130292511076e+01
2.608241227284198871e+01
2.603263575107238026e+01
2.604339993036654022e+01
2.596758711323843016e+01
2.591573601813039929e+01
2.586057805789102915e+01
2.580504042843416102e+01
2.575458466202421093e+01
2.576572212825566055e+01
2.575329570902077947e+01
2.553854545780007967e+01
2.544454404913534873e+01
2.541282193723170124e+01
2.537706785311215896e+01
2.539081266661922953e+01
2.531069801373082839e+01
2.518596438979259133e+01
2.505981088929960876e+01
2.499368640498477845e+01
2.490202636626223054e+01
2.489949899865044003e+01
2.485720844723894984e+01
2.478476294767762056e+01
2.466151715364290098e+01
2.456119152946978090e+01
2.448754175240710040e+01
2.452468927060743908e+01
2.450754312372211174e+01
2.447695825852370888e+01
2.430274419822691101e+01
2.425772663705953036e+01
2.409050570189753060e+01
2.419669406644780096e+01
2.409567732499862913e+01
2.380574152057099013e+01
2.366000920040638889e+01
2.352090872378965969e+01
2.342334836568874934e+01
2.338992669940098068e+01
2.345244225521933856e+01
2.340854774170049879e+01
2.323563507640117010e+01
2.308539288702901970e+01
2.294967740180799964e+01
2.288450101652870927e+01
2.285159708742520834e+01
2.281230059498937024e+01
2.269094143192630852e+01
2.253962946819433100e+01
2.244197230276911981e+01
2.235429502140936009e+01
2.238225307781643991e+01
2.229186762478130035e+01
2.217558883422086069e+01
2.206825361101187966e+01
2.199165223040981942e+01
2.188619949322044889e+01
2.183461555599933135e+01
2.183022311778389124e+01
2.161318037079114873e+01
2.145745067080136081e+01
2.137004845307964018e+01
2.126809955674870878e+01
2.122397212689422119e+01
2.114421377987710926e+01
2.100195969058608014e+01
2.094297106402630959e+01
2.085713385379241913e+01
2.083910386448879137e+01
2.075563957457521980e+01
2.066560989947042870e+01
2.058703234895791923e+01
2.043332137650511982e+01
2.035419283710650973e+01
2.027038316751227143e+01
2.029251136763213026e+01
2.032147829279114148e+01
2.006888756405168905e+01
1.991625839691165112e+01
1.983881648701350997e+01
1.975661788563029120e+01
1.975826673900476038e+01
1.971319073418171897e+01
1.961453370872327895e+01
1.947749682958265893e+01
1.948937393487292979e+01
1.937549764309691014e+01
1.931550088595410131e+01
1.927189749811298114e+01
1.921756149033187100e+01

