3.150480924250830839e+01
3.017151429360582071e+01
2.944475170073359038e+01
2.901636241032874963e+01
2.875276865531244042e+01
2.847358704197440105e+01
2.834278385906047859e+01
2.813892402631926970e+01
2.796151837147566965e+01
2.778846721479967030e+01
2.774441843536036956e+01
2.764458952882765885e+01
2.746375912434260158e+01
2.726970173058237989e+01
2.723339439278410978e+01
2.714163027362230096e+01
2.719281372063398905e+01
2.718539261008197983e+01
2.712628334209779979e+01
2.695348001512864045e+01
2.694332162501907035e+01
2.692342155494095124e+01
2.692832891250099081e+01
2.698153362147263934e+01
2.698102003716788033e+01
2.695900583487444990e+01
2.683058544272061141e+01
2.679826497204204827e+01
2.697929401879455114e+01
2.682754041920939159e+01
2.653223851707882019e+01
2.613283146402061874e+01
2.594453290035794879e+01
2.578521889968875058e+01
2.583896039295158076e+01
2.582758635269036063e+01

